Results
0	0.379	0.186	0.523	2.82842712	2.82842712	2.82842712
0	0.177	0.167	0.197	1.00000000	1.00000000	1.00000000
0	0.296	0.249	0.174	2.00000000	2.00000000	2.00000000
0	0.228	0.188	0.205	2.00000000	2.00000000	2.00000000
0	0.246	0.177	0.353	3.41421356	3.41421356	3.41421356
0	0.290	0.248	0.239	2.00000000	2.00000000	2.00000000
0	0.211	0.169	0.193	2.82842712	2.82842712	2.82842712
0	0.180	0.247	0.284	2.41421356	2.41421356	2.41421356
0	0.188	0.175	0.186	1.41421356	1.41421356	1.41421356
0	0.292	0.181	0.212	3.41421356	3.41421356	3.41421356
1	0.436	0.170	0.168	5.00000000	5.00000000	5.00000000
1	0.303	0.264	0.283	4.82842712	4.82842712	4.82842712
1	0.351	0.270	0.305	4.41421356	4.41421356	4.41421356
1	0.344	0.245	0.296	4.82842712	4.82842712	4.82842712
1	0.319	0.256	0.292	4.41421356	4.41421356	4.41421356
1	0.266	0.168	0.305	6.82842712	6.82842712	6.82842712
1	0.408	0.252	0.304	6.41421356	6.41421356	6.41421356
1	0.295	0.258	0.243	6.41421356	6.41421356	6.41421356
1	0.440	0.168	0.286	7.82842712	7.82842712	7.82842712
1	0.386	0.250	0.294	7.24264069	7.24264069	7.24264069
2	0.553	0.287	0.257	10.82842712	10.82842712	10.82842712
2	0.477	0.246	0.402	9.24264069	9.24264069	9.24264069
2	0.328	0.166	0.181	11.89949494	11.89949494	11.89949494
2	0.575	0.272	0.183	10.41421356	10.41421356	10.41421356
2	0.556	0.280	0.300	10.65685425	10.65685425	10.65685425
2	0.348	0.247	0.287	10.07106781	10.07106781	10.07106781
2	0.620	0.271	0.178	10.82842712	10.82842712	10.82842712
2	0.517	0.165	0.169	10.24264069	10.24264069	10.24264069
2	0.406	0.166	0.187	10.89949494	10.89949494	10.89949494
2	0.394	0.167	0.187	10.65685425	10.65685425	10.65685425
3	0.295	0.179	0.172	12.82842712	12.82842712	12.82842712
3	0.277	0.173	0.173	12.48528137	12.48528137	12.48528137
3	0.323	0.194	0.178	15.07106781	15.07106781	15.07106781
3	0.467	0.178	0.161	14.82842712	14.82842712	14.82842712
3	0.368	0.167	0.161	15.00000000	15.00000000	15.00000000
3	0.411	0.187	0.191	15.82842712	15.82842712	15.82842712
3	0.383	0.198	0.180	15.65685425	15.65685425	15.65685425
3	0.348	0.178	0.180	13.89949494	13.89949494	13.89949494
3	0.277	0.169	0.181	12.89949494	12.89949494	12.89949494
3	0.364	0.188	0.185	14.89949494	14.89949494	14.89949494
4	0.542	0.167	0.193	19.79898987	19.79898987	19.79898987
4	0.525	0.202	0.191	19.55634919	19.55634919	19.55634919
4	0.418	0.193	0.184	18.24264069	18.24264069	18.24264069
4	0.681	0.286	0.188	17.97056275	17.97056275	17.97056275
4	0.431	0.192	0.166	17.65685425	17.65685425	17.65685425
4	0.417	0.171	0.181	16.65685425	16.65685425	16.65685425
4	0.497	0.171	0.180	19.07106781	19.07106781	19.07106781
4	0.478	0.169	0.168	17.24264069	17.24264069	17.24264069
4	0.363	0.172	0.163	17.48528137	17.48528137	17.48528137
4	0.274	0.160	0.170	16.07106781	16.07106781	16.07106781
5	0.344	0.190	0.181	23.89949494	23.89949494	23.89949494
5	0.554	0.171	0.194	22.79898987	22.79898987	22.79898987
5	0.432	0.171	0.179	23.24264069	23.24264069	23.24264069
5	0.588	0.177	0.178	22.14213562	22.14213562	22.14213562
5	0.532	0.169	0.177	20.24264069	20.24264069	20.24264069
5	0.311	0.158	0.170	20.00000000	20.00000000	20.00000000
5	0.494	0.174	0.178	21.82842712	21.82842712	21.82842712
5	0.507	0.179	0.213	22.38477631	22.38477631	22.38477631
5	0.375	0.171	0.175	23.07106781	23.07106781	23.07106781
5	0.522	0.170	0.181	21.82842712	21.82842712	21.82842712
6	0.319	0.166	0.173	24.24264069	24.24264069	24.24264069
6	0.397	0.167	0.174	24.82842712	24.82842712	24.82842712
6	0.346	0.205	0.190	24.38477631	24.38477631	24.38477631
6	0.307	0.177	0.195	25.31370850	25.31370850	25.31370850
6	0.695	0.183	0.194	25.31370850	25.31370850	25.31370850
6	0.695	0.166	0.202	26.79898987	26.79898987	26.79898987
6	0.745	0.178	0.196	27.38477631	27.38477631	27.38477631
6	0.713	0.191	0.196	26.79898987	26.79898987	26.79898987
6	0.593	0.185	0.194	24.14213562	24.14213562	24.14213562
6	0.506	0.171	0.187	27.45584412	27.45584412	27.45584412
7	0.607	0.179	0.189	30.72792206	30.72792206	30.72792206
7	0.713	0.224	0.194	29.48528137	29.48528137	29.48528137
7	0.828	0.186	0.205	31.87005769	31.87005769	31.87005769
7	0.781	0.178	0.200	28.79898987	28.79898987	28.79898987
7	0.732	0.189	0.209	30.72792206	30.72792206	30.72792206
7	0.648	0.198	0.198	31.55634919	31.55634919	31.55634919
7	0.829	0.201	0.194	30.31370850	30.31370850	30.31370850
7	0.513	0.185	0.203	29.62741700	29.62741700	29.62741700
7	0.692	0.174	0.181	28.31370850	28.31370850	28.31370850
7	0.765	0.197	0.239	29.14213562	29.14213562	29.14213562
8	0.939	0.188	0.194	32.72792206	32.72792206	32.72792206
8	1.056	0.175	0.176	35.82842712	35.82842712	35.82842712
8	0.602	0.177	0.211	33.87005769	33.87005769	33.87005769
8	0.904	0.176	0.177	34.07106781	34.07106781	34.07106781
8	0.801	0.181	0.254	33.62741700	33.62741700	33.62741700
8	0.685	0.162	0.203	32.41421356	32.41421356	32.41421356
8	0.887	0.238	0.233	32.14213562	32.14213562	32.14213562
8	0.814	0.161	0.196	35.35533906	35.35533906	35.35533906
8	0.948	0.183	0.215	34.28427125	34.28427125	34.28427125
8	0.920	0.172	0.173	32.07106781	32.07106781	32.07106781
9	1.248	0.166	0.201	37.76955262	37.76955262	37.76955262
9	1.134	0.195	0.199	38.79898987	38.79898987	38.79898987
9	1.228	0.198	0.207	38.52691193	38.52691193	38.52691193
9	1.101	0.182	0.188	38.65685425	38.65685425	38.65685425
9	0.897	0.218	0.199	36.21320344	36.21320344	36.21320344
9	1.025	0.168	0.203	37.76955262	37.76955262	37.76955262
9	0.722	0.200	0.181	36.21320344	36.21320344	36.21320344
9	1.283	0.176	0.181	36.65685425	36.65685425	36.65685425
9	1.991	0.288	0.272	37.82842712	37.82842712	37.82842712
9	1.962	0.204	0.210	39.79898987	39.79898987	39.79898987
10	1.683	0.197	0.211	42.59797975	42.59797975	42.59797975
10	1.376	0.180	0.167	43.82842712	43.82842712	43.82842712
10	1.252	0.221	0.243	41.69848481	41.69848481	41.69848481
10	1.248	0.196	0.213	41.45584412	41.45584412	41.45584412
10	1.378	0.189	0.187	43.07106781	43.07106781	43.07106781
10	0.965	0.181	0.224	40.89949494	40.89949494	40.89949494
10	1.440	0.235	0.204	42.72792206	42.72792206	42.72792206
10	0.704	0.200	0.195	41.45584412	41.45584412	41.45584412
10	1.513	0.191	0.187	41.82842712	41.82842712	41.82842712
10	1.529	0.193	0.215	42.04163056	42.04163056	42.04163056
11	1.839	0.265	0.234	45.11269837	45.11269837	45.11269837
11	1.184	0.220	0.220	44.18376618	44.18376618	44.18376618
11	2.549	0.301	0.204	47.79898987	47.79898987	47.79898987
11	2.201	0.208	0.187	45.00000000	45.00000000	45.00000000
11	1.363	0.220	0.193	45.14213562	45.14213562	45.14213562
11	2.272	0.217	0.215	46.62741700	46.62741700	46.62741700
11	1.670	0.385	0.294	47.31370850	47.31370850	47.31370850
11	1.910	0.219	0.226	44.52691193	44.52691193	44.52691193
11	0.559	0.431	0.235	44.11269837	44.11269837	44.11269837
11	2.460	0.298	0.213	44.38477631	44.38477631	44.38477631
12	2.382	0.205	0.245	49.79898987	49.79898987	49.79898987
12	1.812	0.202	0.202	50.38477631	50.38477631	50.38477631
12	2.119	0.238	0.290	50.62741700	50.62741700	50.62741700
12	2.504	0.271	0.308	51.76955262	51.76955262	51.76955262
12	1.764	0.182	0.216	48.25483400	48.25483400	48.25483400
12	1.617	0.203	0.194	49.55634919	49.55634919	49.55634919
12	0.573	0.221	0.186	50.97056275	50.97056275	50.97056275
12	0.453	0.225	0.191	49.62741700	49.62741700	49.62741700
12	0.870	0.183	0.178	50.89949494	50.89949494	50.89949494
12	1.299	0.235	0.226	48.35533906	48.35533906	48.35533906
13	1.650	0.175	0.205	53.45584412	53.45584412	53.45584412
13	1.599	0.185	0.172	53.07106781	53.07106781	53.07106781
13	1.064	0.209	0.219	53.01219331	53.01219331	53.01219331
13	2.107	0.173	0.235	54.94112550	54.94112550	54.94112550
13	2.259	0.208	0.224	54.69848481	54.69848481	54.69848481
13	2.153	0.206	0.185	53.72792206	53.72792206	53.72792206
13	1.827	0.204	0.223	52.35533906	52.35533906	52.35533906
13	1.974	0.227	0.210	54.87005769	54.87005769	54.87005769
13	1.838	0.199	0.209	52.55634919	52.55634919	52.55634919
13	1.798	0.238	0.234	54.01219331	54.01219331	54.01219331
14	2.726	0.207	0.190	58.55634919	58.55634919	58.55634919
14	2.111	0.226	0.196	58.35533906	58.35533906	58.35533906
14	1.989	0.554	0.294	59.62741700	59.62741700	59.62741700
14	2.009	0.182	0.208	57.97056275	57.97056275	57.97056275
14	2.231	0.182	0.198	56.45584412	56.45584412	56.45584412
14	2.026	0.190	0.187	56.72792206	56.72792206	56.72792206
14	2.739	0.222	0.196	56.89949494	56.89949494	56.89949494
14	2.249	0.193	0.236	56.79898987	56.79898987	56.79898987
14	2.728	0.661	0.403	59.25483400	59.25483400	59.25483400
14	1.754	0.196	0.229	59.18376618	59.18376618	59.18376618
15	1.042	0.363	0.194	60.21320344	60.21320344	60.21320344
15	3.359	0.220	0.218	62.38477631	62.38477631	62.38477631
15	3.718	0.352	0.238	61.94112550	61.94112550	61.94112550
15	2.312	0.583	0.269	60.72792206	60.72792206	60.72792206
15	3.633	0.198	0.235	60.45584412	60.45584412	60.45584412
15	2.526	0.208	0.203	60.21320344	60.21320344	60.21320344
15	2.645	0.198	0.256	63.91168825	63.91168825	63.91168825
15	0.638	0.213	0.206	63.25483400	63.25483400	63.25483400
15	2.541	0.425	0.237	61.42640687	61.42640687	61.42640687
15	1.678	0.196	0.194	61.94112550	61.94112550	61.94112550
16	1.822	0.212	0.227	65.69848481	65.69848481	65.69848481
16	1.363	0.211	0.255	66.15432893	66.15432893	66.15432893
16	2.864	0.379	0.395	66.35533906	66.35533906	66.35533906
16	2.208	0.249	0.225	65.14213562	65.14213562	65.14213562
16	3.189	0.202	0.246	65.49747468	65.49747468	65.49747468
16	2.757	0.216	0.230	66.55634919	66.55634919	66.55634919
16	2.063	0.189	0.179	66.24264069	66.24264069	66.24264069
16	2.600	0.214	0.209	67.04163056	67.04163056	67.04163056
16	2.568	0.239	0.201	67.97056275	67.97056275	67.97056275
16	2.061	0.228	0.217	67.55634919	67.55634919	67.55634919
17	2.213	0.214	0.197	71.07106781	71.07106781	71.07106781
17	3.509	0.212	0.234	71.66904756	71.66904756	71.66904756
17	1.737	0.235	0.218	70.28427125	70.28427125	70.28427125
17	1.788	0.287	0.238	70.59797975	70.59797975	70.59797975
17	2.652	0.206	0.237	68.39696962	68.39696962	68.39696962
17	2.931	0.276	0.242	68.32590181	68.32590181	68.32590181
17	2.035	0.246	0.294	70.15432893	70.15432893	70.15432893
17	2.171	0.288	0.239	71.79898987	71.79898987	71.79898987
17	2.017	0.242	0.210	68.69848481	68.69848481	68.69848481
17	1.739	0.280	0.241	68.49747468	68.49747468	68.49747468
18	3.518	0.504	0.270	72.35533906	72.35533906	72.35533906
18	2.671	0.320	0.268	73.08326112	73.08326112	73.08326112
18	1.570	0.222	0.257	73.08326112	73.08326112	73.08326112
18	3.634	0.205	0.238	73.97056275	73.97056275	73.97056275
18	3.170	0.239	0.267	75.35533906	75.35533906	75.35533906
18	1.764	0.223	0.250	75.66904756	75.66904756	75.66904756
18	2.774	0.256	0.207	72.79898987	72.79898987	72.79898987
18	3.674	0.256	0.281	74.35533906	74.35533906	74.35533906
18	1.621	0.253	0.198	73.55634919	73.55634919	73.55634919
18	2.171	0.303	0.241	72.08326112	72.08326112	72.08326112
19	2.434	0.237	0.220	78.38477631	78.38477631	78.38477631
19	2.219	0.393	0.270	77.59797975	77.59797975	77.59797975
19	4.534	0.255	0.252	78.04163056	78.04163056	78.04163056
19	3.913	0.317	0.406	76.39696962	76.39696962	76.39696962
19	7.417	0.961	0.425	78.39696962	78.39696962	78.39696962
19	4.853	0.439	0.462	76.76955262	76.76955262	76.76955262
19	8.894	0.505	0.463	78.66904756	78.66904756	78.66904756
19	4.879	0.354	0.240	79.21320344	79.21320344	79.21320344
19	5.410	0.242	0.180	76.24264069	76.24264069	76.24264069
19	3.878	0.264	0.369	79.42640687	79.42640687	79.42640687
20	2.821	0.543	0.499	81.84062043	81.84062043	81.84062043
20	3.269	0.273	0.303	81.04163056	81.04163056	81.04163056
20	1.398	0.317	0.211	82.04163056	82.04163056	82.04163056
20	4.761	0.257	0.265	80.15432893	80.15432893	80.15432893
20	5.511	0.418	0.290	83.56854249	83.56854249	83.56854249
20	5.134	0.754	0.441	81.08326112	81.08326112	81.08326112
20	4.578	0.233	0.249	83.59797975	83.59797975	83.59797975
20	2.122	0.488	0.305	82.01219331	82.01219331	82.01219331
20	1.055	0.378	0.237	80.46803743	80.46803743	80.46803743
20	2.938	0.279	0.309	80.74011537	80.74011537	80.74011537
21	2.600	0.291	0.283	87.25483400	87.25483400	87.25483400
21	2.523	0.220	0.236	84.76955262	84.76955262	84.76955262
21	4.821	0.297	0.216	86.72792206	86.72792206	86.72792206
21	4.924	0.288	0.329	85.81118318	85.81118318	85.81118318
21	2.606	0.307	0.307	87.29646456	87.29646456	87.29646456
21	3.081	0.222	0.293	84.63961031	84.63961031	84.63961031
21	4.263	0.265	0.392	86.52691193	86.52691193	86.52691193
21	1.510	0.311	0.290	86.45584412	86.45584412	86.45584412
21	4.543	0.226	0.218	86.11269837	86.11269837	86.11269837
21	5.594	0.559	0.314	84.22539674	84.22539674	84.22539674
22	3.599	0.203	0.246	88.91168825	88.91168825	88.91168825
22	3.724	0.616	0.294	90.32590181	90.32590181	90.32590181
22	1.158	0.248	0.220	89.21320344	89.21320344	89.21320344
22	4.176	0.271	0.342	88.49747468	88.49747468	88.49747468
22	5.471	0.256	0.314	89.59797975	89.59797975	89.59797975
22	5.320	0.382	0.298	91.39696962	91.39696962	91.39696962
22	4.724	0.231	0.286	90.43860018	90.43860018	90.43860018
22	4.273	0.476	0.299	90.28427125	90.28427125	90.28427125
22	3.629	0.278	0.186	88.89949494	88.89949494	88.89949494
22	1.734	0.706	0.480	90.15432893	90.15432893	90.15432893
23	5.914	0.302	0.264	93.45584412	93.45584412	93.45584412
23	3.025	0.346	0.291	94.66904756	94.66904756	94.66904756
23	3.616	0.358	0.329	93.36753237	93.36753237	93.36753237
23	5.201	0.423	0.352	93.39696962	93.39696962	93.39696962
23	3.594	0.249	0.239	94.07106781	94.07106781	94.07106781
23	5.219	0.394	0.387	94.61017306	94.61017306	94.61017306
23	5.135	0.397	0.321	93.36753237	93.36753237	93.36753237
23	6.856	0.402	0.414	94.71067812	94.71067812	94.71067812
23	6.693	0.264	0.274	94.38477631	94.38477631	94.38477631
23	5.267	0.335	0.301	94.53910524	94.53910524	94.53910524
24	5.996	0.920	0.459	99.91168825	99.91168825	99.91168825
24	5.105	0.363	0.256	97.04163056	97.04163056	97.04163056
24	7.554	0.329	0.326	96.78174593	96.78174593	96.78174593
24	1.770	1.282	0.574	99.05382387	99.05382387	99.05382387
24	2.518	0.448	0.360	97.42640687	97.42640687	97.42640687
24	6.654	0.309	0.270	99.45584412	99.45584412	99.45584412
24	7.034	0.351	0.318	97.16652224	97.16652224	97.16652224
24	4.632	1.328	0.470	98.46803743	98.46803743	98.46803743
24	4.100	0.363	0.345	97.68124087	97.68124087	97.68124087
24	6.266	0.439	0.363	97.29646456	97.29646456	97.29646456
25	2.310	0.207	0.385	102.36753237	102.36753237	102.36753237
25	5.705	0.547	0.260	102.63961031	102.63961031	102.63961031
25	4.773	0.257	0.287	102.85281374	102.85281374	102.85281374
25	3.108	0.467	0.364	101.66904756	101.66904756	101.66904756
25	7.053	0.272	0.248	103.56854249	103.56854249	103.56854249
25	5.590	0.355	0.224	102.69848481	102.69848481	102.69848481
25	3.781	0.821	0.282	102.32590181	102.32590181	102.32590181
25	4.177	0.392	0.385	100.36753237	100.36753237	100.36753237
25	4.525	0.676	0.356	102.88225099	102.88225099	102.88225099
25	4.192	0.430	0.305	103.48528137	103.48528137	103.48528137
26	6.452	0.313	0.324	104.42640687	104.42640687	104.42640687
26	4.324	0.513	0.370	104.46803743	104.46803743	104.46803743
26	4.205	0.390	0.300	106.26702730	106.26702730	106.26702730
26	2.776	0.267	0.402	105.68124087	105.68124087	105.68124087
26	3.833	0.365	0.321	107.50966799	107.50966799	107.50966799
26	3.865	0.279	0.324	106.28427125	106.28427125	106.28427125
26	5.772	0.386	0.294	105.36753237	105.36753237	105.36753237
26	4.883	0.654	0.300	105.91168825	105.91168825	105.91168825
26	2.217	1.046	0.686	104.71067812	104.71067812	104.71067812
26	5.885	0.321	0.242	106.76955262	106.76955262	106.76955262
27	4.922	0.273	0.331	108.66904756	108.66904756	108.66904756
27	1.540	0.561	0.262	111.63961031	111.63961031	111.63961031
27	6.388	0.257	0.328	111.29646456	111.29646456	111.29646456
27	3.743	0.549	0.269	110.07106781	110.07106781	110.07106781
27	6.064	0.272	0.292	111.42640687	111.42640687	111.42640687
27	5.561	0.272	0.249	108.42640687	108.42640687	108.42640687
27	5.840	0.300	0.294	110.61017306	110.61017306	110.61017306
27	2.001	0.399	0.243	111.98275606	111.98275606	111.98275606
27	6.696	0.336	0.295	111.28427125	111.28427125	111.28427125
27	7.577	0.388	0.345	110.11269837	110.11269837	110.11269837
28	6.811	0.685	0.411	113.45584412	113.45584412	113.45584412
28	3.553	1.094	0.393	114.66904756	114.66904756	114.66904756
28	5.783	0.635	0.340	115.95331881	115.95331881	115.95331881
28	5.443	1.125	0.472	112.42640687	112.42640687	112.42640687
28	7.154	0.327	0.389	114.63961031	114.63961031	114.63961031
28	6.672	0.297	0.274	115.21320344	115.21320344	115.21320344
28	3.821	0.406	0.682	115.32590181	115.32590181	115.32590181
28	5.849	0.337	0.259	115.87005769	115.87005769	115.87005769
28	5.489	0.353	0.211	114.52691193	114.52691193	114.52691193
28	4.758	0.577	0.280	115.26702730	115.26702730	115.26702730
29	5.958	0.451	0.215	118.38477631	118.38477631	118.38477631
29	6.081	0.872	0.459	119.29646456	119.29646456	119.29646456
29	5.822	0.540	0.448	119.68124087	119.68124087	119.68124087
29	4.645	0.298	0.413	117.06601718	117.06601718	117.06601718
29	7.118	0.469	0.297	116.33809512	116.33809512	116.33809512
29	6.155	0.339	0.255	117.92388155	117.92388155	117.92388155
29	4.442	0.479	0.490	117.40916293	117.40916293	117.40916293
29	3.748	0.309	0.315	118.22539674	118.22539674	118.22539674
29	6.265	0.881	0.502	117.39696962	117.39696962	117.39696962
29	5.743	0.311	0.250	116.84062043	116.84062043	116.84062043
30	6.964	0.312	0.359	122.49747468	122.49747468	122.49747468
30	2.699	0.281	0.238	123.74011537	123.74011537	123.74011537
30	5.526	0.295	0.260	122.98275606	122.98275606	122.98275606
30	6.299	0.327	0.317	123.46803743	123.46803743	123.46803743
30	4.608	0.730	0.413	122.39696962	122.39696962	122.39696962
30	3.389	0.411	0.373	121.39696962	121.39696962	121.39696962
30	4.364	1.014	0.318	123.32590181	123.32590181	123.32590181
30	3.594	0.309	0.532	121.08326112	121.08326112	121.08326112
30	4.987	0.524	0.273	120.94112550	120.94112550	120.94112550
30	1.859	0.586	0.296	123.36753237	123.36753237	123.36753237
31	5.603	0.527	0.318	125.40916293	125.40916293	125.40916293
31	6.609	0.432	0.373	126.99494937	126.99494937	126.99494937
31	4.547	1.232	0.466	126.75230868	126.75230868	126.75230868
